1	102.1
2	102.1
3	102.1
4	102.1
5	102.1
6	102.1
7	102.1
8	102.1
9	102.1
10	102.1
11	102.1
12	102.1
13	102.1
14	102.1
15	102.1
16	102.1
17	102.1
18	102.1
19	102.1
20	102.1
21	102.1
22	102.1
23	102.1
24	102.1
25	102.1
26	102.1
27	102.1
28	102.1
29	102.1
30	102.1
31	102.1
32	102.5
33	102.1
34	102.1
35	102.1
36	102.1
37	102.1
38	102.1
39	102.1
40	102.1
41	102.1
42	102.1
43	102.1
44	102.1
45	102.1
46	102.1
47	102.1
48	102.1
49	102.1
50	102.1
51	102.1
52	102.1
53	102.1
54	102.1
55	102.1
56	102.1
57	102.1
58	102.1
59	102.1
60	102.1
61	102.1
62	102.1
63	102.1
64	102.1
65	102.1
66	102.1
67	102.1
68	102.1
69	102.1
70	102.1
71	102.1
72	102.1
73	102.1
74	102.1
75	102.1
76	102.1
77	102.1
78	102.1
79	102.1
80	102.1
81	102.1
82	102.1
83	102.1
84	102.1
85	102.1
86	102.1
87	102.1
88	102.1
89	102.1
90	102.1
91	102.1
92	102.1
93	102.1
94	102.1
95	102.1
96	102.1
97	102.1
98	102.1
99	102.1
100	102.1
101	102.1
102	102.1
103	102.1
104	102.1
105	102.1
106	102.1
107	102.1
108	102.1
109	102.1
110	102.1
111	102.1
112	102.1
113	102.1
114	102.1
115	102.1
116	102.1
117	102.1
118	102.1
119	102.1
120	102.1
121	102.1
122	102.1
123	102.1
124	102.1
125	102.1
126	102.1
127	102.1
128	102.1
129	102.1
130	102.1
131	102.1
132	102.5
133	102.1
134	102.1
135	102.1
136	102.1
137	102.1
138	102.1
139	102.1
140	102.1
141	102.1
142	102.1
143	102.1
144	102.5
145	102.1
146	102.1
147	102.1
148	102.1
149	102.1
150	102.1
151	102.1
152	102.1
153	102.1
154	102.1
155	102.1
156	102.1
157	102.1
158	102.1
159	102.1
160	102.1
161	102.1
162	102.1
163	102.1
164	102.1
165	102.1
166	102.1
167	102.1
168	102.1
169	102.1
170	102.1
171	102.1
172	102.1
173	102.1
174	102.1
175	102.1
176	102.1
177	102.1
178	102.1
179	102.1
180	102.1
181	102.1
182	102.1
183	102.1
184	102.1
185	102.1
186	102.1
187	102.1
188	102.1
189	102.1
190	102.1
191	102.1
192	102.1
193	102.1
194	102.1
195	102.1
196	102.1
197	102.1
198	102.1
199	102.1
200	102.1
201	102.1
202	102.1
203	102.1
204	102.1
205	102.1
206	102.1
207	102.1
208	102.1
209	102.1
210	102.1
211	102.1
212	102.1
213	102.1
214	102.1
215	102.1
216	102.1
217	102.1
218	102.1
219	102.1
220	102.1
221	102.1
222	102.1
223	102.1
224	102.1
225	102.1
226	102.1
227	102.1
228	102.1
229	102.1
230	102.1
231	102.1
232	102.1
233	102.1
234	102.1
235	102.1
236	102.1
237	102.1
238	102.1
239	102.1
240	102.1
241	102.1
242	102.1
243	102.1
244	102.1
245	102.1
246	102.1
247	102.1
248	102.1
249	102.1
250	102.1
251	102.1
252	102.1
253	102.1
254	102.1
255	102.1
256	102.1
257	102.1
258	102.1
259	102.1
260	102.1
261	102.1
262	102.1
263	102.1
264	102.1
265	102.1
266	102.1
267	102.1
268	102.1
269	102.1
270	102.1
271	102.1
272	102.1
273	102.1
274	102.1
275	102.1
276	102.1
277	102.1
278	102.1
279	102.1
280	102.1
281	102.1
282	102.1
283	102.1
284	102.1
285	102.1
286	102.1
287	102.1
288	102.1
289	102.1
290	102.1
291	102.1
292	102.1
293	102.1
294	102.1
295	102.1
296	102.1
297	102.1
298	102.1
299	102.1
300	102.1
301	102.1
302	102.1
303	102.1
304	102.1
305	102.1
306	102.1
307	102.1
308	102.1
309	102.1
310	102.1
311	102.1
312	102.1
313	102.1
314	102.1
315	102.1
316	102.1
317	102.1
318	102.1
319	102.1
320	102.1
321	102.1
322	102.1
323	102.1
324	102.1
325	102.1
326	102.1
327	102.1
328	102.1
329	102.1
330	102.1
331	102.1
332	102.1
333	102.1
334	102.1
335	102.1
336	102.1
337	102.1
338	102.1
339	102.1
340	102.1
341	102.1
342	102.1
343	102.1
344	102.1
345	102.1
346	102.1
347	102.1
348	102.1
349	102.1
350	102.1
351	102.1
352	102.1
353	102.1
354	102.1
355	102.1
356	102.1
357	102.1
358	102.1
359	102.1
360	102.1
361	102.1
362	102.1
363	102.1
364	102.1
365	102.1
366	102.1
367	102.1
368	102.1
369	102.1
370	102.1
371	102.1
372	102.1
373	102.1
374	102.1
375	102.1
376	102.1
377	102.1
378	102.1
379	102.1
380	102.1
381	102.1
382	102.1
383	102.1
384	102.1
385	102.1
386	102.1
387	102.1
388	102.1
389	102.1
390	102.1
391	102.1
392	102.1
393	102.1
394	102.1
395	102.1
396	102.5
397	102.9
398	104.11
399	104.11
400	103.31
401	103.71
402	104.52
403	115.41
404	144.06
405	178.36
406	199.35
407	209.44
408	214.68
409	221.54
410	226.79
411	227.6
412	227.6
413	227.6
414	227.6
415	227.6
416	228
417	228
418	228.4
419	228.4
420	229.21
421	229.61
422	230.02
423	230.82
424	230.42
425	231.63
426	231.63
427	231.23
428	231.23
429	231.23
430	231.23
431	231.23
432	230.82
433	230.82
434	230.82
435	230.82
436	230.82
437	230.82
438	230.82
439	230.82
440	230.82
441	230.42
442	230.82
443	230.42
444	230.82
445	230.82
446	231.23
447	231.63
448	231.23
449	231.63
450	231.23
451	231.23
452	231.23
453	231.23
454	231.23
455	231.23
456	231.23
457	231.23
458	231.23
459	231.23
460	231.23
461	231.23
462	231.23
463	231.23
464	231.23
465	231.23
466	231.23
467	231.23
468	231.23
469	231.23
470	231.23
471	231.23
472	231.23
473	231.23
474	231.23
475	231.23
476	231.23
477	231.23
478	231.23
479	231.23
480	231.23
481	231.23
482	231.23
483	231.23
484	231.23
485	231.23
486	231.23
487	231.23
488	231.23
489	230.82
490	230.82
491	231.23
492	231.23
493	231.23
494	230.82
495	230.82
496	231.23
497	231.23
498	230.82
499	230.82
500	230.82
501	230.82
502	230.82
503	230.82
504	230.82
505	230.82
506	230.82
507	230.82
508	230.82
509	230.82
510	230.82
511	230.82
512	230.82
513	230.82
514	230.82
515	230.82
516	230.82
517	230.82
518	230.82
519	231.23
520	231.23
521	231.23
522	230.42
523	230.82
524	230.42
525	230.42
526	230.02
527	175.14
528	132.36
529	102.5
530	102.5
531	102.5
532	102.5
533	102.5
534	102.5
535	102.5
536	102.5
537	102.5
538	102.5
539	102.5
540	102.5
541	102.5
542	102.5
543	102.5
544	102.5
545	102.5
546	102.5
547	102.1
548	102.1
549	102.5
550	102.9
551	104.11
552	104.52
553	104.11
554	105.73
555	104.92
556	107.74
557	105.73
558	106.53
559	105.32
560	110.97
561	125.1
562	138.01
563	155.36
564	167.06
565	175.54
566	184.42
567	188.86
568	190.07
569	190.47
570	190.87
571	191.28
572	191.68
573	192.08
574	195.31
575	198.54
576	201.37
577	204.59
578	205
579	205.4
580	205.4
581	205.4
582	205.8
583	206.21
584	207.02
585	208.23
586	208.63
587	208.63
588	208.63
589	208.63
590	208.63
591	208.63
592	208.63
593	209.03
594	209.03
595	209.03
596	209.03
597	209.03
598	209.44
599	209.44
600	210.65
601	210.65
602	211.05
603	211.05
604	211.05
605	211.45
606	214.28
607	213.07
608	211.86
609	213.47
610	212.66
611	212.66
612	209.84
613	212.26
614	212.26
615	212.26
616	212.26
617	212.26
618	212.26
619	212.26
620	212.26
621	212.26
622	212.26
623	212.26
624	212.26
625	212.26
626	212.26
627	212.26
628	212.26
629	212.26
630	212.26
631	212.26
632	212.26
633	212.26
634	212.26
635	212.26
636	212.26
637	212.26
638	212.26
639	212.26
640	212.26
641	212.26
642	212.26
643	212.26
644	212.26
645	212.66
646	212.66
647	212.66
648	212.66
649	212.66
650	212.66
651	212.66
652	212.66
653	212.66
654	212.66
655	212.66
656	212.66
657	212.66
658	212.66
659	212.66
660	212.66
661	212.66
662	212.66
663	212.66
664	212.26
665	212.66
666	212.66
667	212.66
668	212.66
669	212.66
670	212.66
671	212.66
672	212.66
673	212.66
674	212.26
675	212.66
676	212.66
677	212.66
678	212.26
679	212.66
680	212.66
681	212.66
682	212.66
683	212.66
684	212.66
685	212.26
686	212.26
687	212.66
688	212.66
689	212.66
690	212.26
691	212.66
692	212.26
693	212.66
694	212.66
695	212.26
696	212.26
697	211.86
698	179.98
699	102.5
700	102.5
701	102.5
702	102.5
703	102.5
704	102.5
705	102.5
706	102.5
707	102.5
708	102.5
709	102.5
710	102.5
711	102.9
712	103.71
713	104.11
714	106.94
715	105.73
716	107.74
717	106.53
718	106.13
719	108.15
720	107.34
721	107.74
722	112.18
723	121.47
724	132.36
725	143.66
726	151.33
727	159.8
728	165.85
729	170.29
730	173.92
731	177.56
732	180.79
733	182.4
734	185.22
735	186.84
736	187.65
737	188.86
738	190.07
739	190.47
740	191.68
741	192.49
742	192.89
743	193.29
744	193.29
745	194.1
746	194.51
747	194.1
748	194.51
749	194.91
750	194.51
751	194.91
752	194.91
753	194.51
754	193.7
755	196.52
756	196.12
757	195.72
758	191.68
759	193.29
760	195.31
761	195.31
762	195.31
763	195.31
764	196.93
765	197.33
766	198.54
767	196.52
768	196.93
769	196.93
770	193.7
771	193.7
772	194.1
773	194.1
774	194.1
775	194.1
776	194.1
777	194.1
778	194.51
779	194.51
780	194.51
781	194.51
782	194.51
783	194.51
784	194.91
785	194.91
786	194.91
787	194.91
788	194.91
789	194.91
790	194.91
791	194.91
792	194.91
793	194.91
794	194.91
795	194.91
796	194.91
797	194.91
798	194.91
799	194.91
800	194.91
801	194.91
802	194.91
803	194.91
804	194.91
805	194.91
806	194.91
807	194.91
808	194.91
809	194.51
810	194.91
811	194.91
812	194.91
813	194.91
814	194.91
815	194.91
816	194.51
817	194.91
818	194.91
819	194.91
820	194.91
821	194.91
822	194.91
823	194.91
824	194.91
825	194.91
826	194.91
827	194.91
828	194.91
829	194.51
830	194.91
831	194.91
832	194.91
833	194.91
834	194.51
835	194.91
836	194.91
837	194.91
838	194.91
839	194.91
840	194.91
841	194.51
842	194.91
843	194.91
844	194.51
845	194.51
846	194.51
847	194.51
848	194.91
849	194.51
850	194.91
851	194.91
852	194.51
853	194.91
854	194.51
855	194.51
856	194.51
857	194.51
858	194.91
859	194.51
860	194.91
861	194.91
862	194.91
863	194.51
864	194.1
865	191.28
866	102.5
867	102.5
868	102.5
869	102.5
870	102.5
871	102.5
872	102.5
873	103.31
874	103.71
875	103.71
876	104.11
877	106.13
878	104.92
879	104.92
880	105.32
881	105.32
882	105.73
883	105.73
884	106.13
885	106.53
886	106.53
887	106.53
888	106.94
889	106.94
890	106.53
891	106.94
892	106.94
893	107.34
894	107.74
895	108.15
896	108.96
897	112.99
898	117.43
899	120.25
900	126.71
901	134.78
902	142.45
903	148.5
904	153.34
905	158.19
906	161.82
907	165.05
908	167.87
909	169.89
910	171.5
911	173.12
912	174.33
913	175.54
914	176.35
915	177.15
916	178.36
917	178.77
918	179.98
919	180.38
920	180.79
921	181.19
922	182
923	181.59
924	182
925	183.21
926	184.82
927	181.19
928	182.4
929	182.4
930	182.8
931	182.8
932	182.8
933	182.8
934	182.8
935	182.4
936	182.4
937	182.4
938	182.4
939	182.4
940	182.4
941	182.4
942	182.4
943	182.4
944	182.4
945	182.4
946	182.4
947	182.4
948	182.4
949	182.4
950	182.4
951	182.4
952	182.4
953	182.4
954	182.4
955	182.4
956	182.4
957	182
958	182
959	182
960	182
961	182
962	182
963	182
964	182
965	182
966	182
967	182
968	182
969	182.4
970	182
971	182
972	182
973	182
974	182
975	182
976	182.4
977	182.4
978	182.4
979	182
980	182.4
981	182
982	182.4
983	182.4
984	182
985	182.4
986	182
987	182
988	182.4
989	182.4
990	182
991	182.4
992	182.4
993	182
994	182.4
995	182.4
996	182
997	182.4
998	182.4
999	182.4
1000	182
1001	182.4
1002	182
1003	182.4
1004	182.4
1005	182.4
1006	182.4
1007	182.4
1008	182.4
1009	182
1010	182.4
1011	182
1012	182.4
1013	182
1014	182.4
1015	182.4
1016	182
1017	182.4
1018	182
1019	182
1020	182.4
1021	182.4
1022	182.4
1023	182.4
1024	182.4
1025	182.4
1026	182.4
1027	182.4
1028	182.4
1029	182.4
1030	182.4
1031	182.4
1032	182.4
1033	182.4
1034	182.4
1035	182.4
1036	182.4
1037	182.4
1038	182.4
1039	182.4
1040	182.4
1041	182.4
1042	182.4
1043	182.4
1044	182.4
1045	182.4
1046	182.4
1047	182.4
1048	182.4
1049	182.4
1050	182.4
1051	182.4
1052	182.4
1053	182.4
1054	182.4
1055	182.4
1056	182.4
1057	182.4
1058	182.4
1059	182.4
1060	182.4
1061	182.4
1062	182.4
1063	182.4
1064	182.4
1065	182.4
1066	182.4
1067	182.4
1068	182.4
1069	182.4
1070	182.4
1071	182.4
1072	182.4
1073	182.4
1074	182.4
1075	182.4
1076	182.4
1077	182.4
1078	182.4
1079	182.4
1080	182.4
1081	182.4
1082	182.4
1083	182.4
1084	182.4
1085	182.4
1086	182.4
1087	182.4
1088	182.4
1089	182.4
1090	182.4
1091	182.4
1092	182.4
1093	182.4
1094	182.4
1095	182.4
1096	182.4
1097	182.4
1098	182.4
1099	182.4
1100	182.4
1101	182.4
1102	182.4
1103	182.4
1104	182.4
1105	182.4
1106	182.4
1107	182.4
1108	182.4
1109	182.4
1110	182.4
1111	182.4
1112	182.4
1113	182.4
1114	182.4
1115	182.4
1116	182.4
1117	182.4
1118	182.4
1119	182.4
1120	182.4
1121	182.4
1122	182.4
1123	182.4
1124	182.4
1125	182.4
1126	182.4
1127	182.4
1128	182.4
1129	182.4
1130	182.4
1131	182.4
1132	182.4
1133	182.4
1134	182.4
1135	182.4
1136	182.4
1137	182.4
1138	182.4
1139	182.4
1140	182.4
1141	182.4
1142	182.4
1143	182.4
1144	182
1145	182
1146	120.66
1147	102.5
1148	102.5
1149	102.5
1150	102.5
1151	102.5
1152	102.5
1153	102.5
1154	102.9
1155	103.31
1156	103.71
1157	104.52
1158	106.94
1159	103.71
1160	104.11
1161	104.52
1162	104.52
1163	105.73
1164	107.74
1165	110.17
1166	114.2
1167	119.85
1168	125.5
1169	129.54
1170	136.4
1171	142.85
1172	148.1
1173	152.54
1174	155.77
1175	157.38
1176	160.2
1177	163.43
1178	165.45
1179	166.66
1180	167.06
1181	169.08
1182	169.89
1183	170.7
1184	169.08
1185	173.12
1186	172.31
1187	171.91
1188	171.91
1189	171.91
1190	171.5
1191	171.5
1192	171.5
1193	171.5
1194	171.5
1195	171.5
1196	171.5
1197	171.5
1198	171.5
1199	171.5
1200	171.5
1201	171.5
1202	171.5
1203	171.5
1204	171.5
1205	171.5
1206	171.5
1207	171.91
1208	171.91
1209	171.91
1210	171.91
1211	171.91
1212	171.91
1213	171.91
1214	171.5
1215	171.5
1216	171.5
1217	171.5
1218	171.5
1219	171.5
1220	171.5
1221	171.5
1222	171.5
1223	171.5
1224	171.5
1225	171.5
1226	171.5
1227	171.5
1228	171.5
1229	171.5
1230	171.5
1231	171.5
1232	171.5
1233	171.5
1234	171.91
1235	171.5
1236	171.91
1237	171.5
1238	171.1
1239	112.59
1240	114.2
1241	102.5
1242	102.5
1243	102.1
1244	102.5
1245	103.31
1246	103.31
1247	106.94
1248	106.13
1249	107.74
1250	103.71
1251	103.71
1252	104.11
1253	104.11
1254	104.52
1255	104.52
1256	104.52
1257	104.52
1258	104.92
1259	104.92
1260	106.13
1261	108.96
1262	113.8
1263	119.04
1264	125.1
1265	130.75
1266	135.19
1267	138.41
1268	140.43
1269	140.83
1270	141.24
1271	141.64
1272	141.64
1273	142.85
1274	144.06
1275	145.68
1276	146.89
1277	148.5
1278	150.52
1279	152.54
1280	154.15
1281	155.36
1282	156.57
1283	157.78
1284	158.19
1285	159.4
1286	160.61
1287	160.2
1288	160.61
1289	160.61
1290	160.61
1291	161.01
1292	161.01
1293	162.22
1294	161.82
1295	161.82
1296	162.63
1297	162.22
1298	163.03
1299	162.63
1300	162.63
1301	162.22
1302	162.63
1303	162.63
1304	163.03
1305	162.63
1306	163.03
1307	162.63
1308	162.63
1309	162.63
1310	162.63
1311	162.63
1312	162.63
1313	162.63
1314	162.63
1315	162.63
1316	162.63
1317	162.22
1318	162.22
1319	162.22
1320	162.22
1321	162.22
1322	162.22
1323	162.22
1324	162.22
1325	162.22
1326	162.22
1327	162.22
1328	162.22
1329	162.22
1330	162.22
1331	162.22
1332	162.22
1333	162.22
1334	162.22
1335	162.22
1336	162.22
1337	162.22
1338	162.22
1339	162.22
1340	162.22
1341	162.22
1342	162.22
1343	162.22
1344	162.22
1345	162.22
1346	162.22
1347	162.22
1348	162.22
1349	162.22
1350	162.22
1351	162.22
1352	162.22
1353	162.22
1354	162.22
1355	162.22
1356	162.22
1357	162.22
1358	162.22
1359	162.22
1360	162.22
1361	162.22
1362	162.22
1363	162.63
1364	162.63
1365	162.22
1366	161.82
1367	161.82
1368	103.71
1369	102.5
1370	102.5
1371	102.5
1372	102.5
1373	102.5
1374	102.5
1375	102.9
1376	103.31
1377	103.31
1378	104.92
1379	104.92
1380	106.13
1381	103.71
1382	103.71
1383	103.71
1384	103.71
1385	104.11
1386	104.11
1387	104.11
1388	104.11
1389	104.52
1390	104.52
1391	104.52
1392	104.52
1393	104.52
1394	104.52
1395	104.52
1396	104.52
1397	104.92
1398	104.92
1399	104.92
1400	104.92
1401	104.92
1402	104.92
1403	104.92
1404	105.32
1405	106.13
1406	106.53
1407	111.38
1408	112.18
1409	116.62
1410	123.48
1411	129.94
1412	135.19
1413	140.83
1414	144.47
1415	147.69
1416	149.31
1417	150.92
1418	152.54
1419	151.73
1420	152.94
1421	152.13
1422	154.96
1423	154.96
1424	154.96
1425	154.96
1426	156.17
1427	155.36
1428	155.36
1429	156.17
1430	155.36
1431	155.36
1432	157.38
1433	154.15
1434	155.36
1435	155.77
1436	156.17
1437	156.17
1438	154.15
1439	155.36
1440	155.77
1441	155.77
1442	155.77
1443	155.36
1444	155.36
1445	155.36
1446	155.36
1447	155.36
1448	155.36
1449	155.36
1450	155.36
1451	155.36
1452	155.36
1453	155.36
1454	155.36
1455	155.36
1456	155.36
1457	155.36
1458	155.36
1459	155.36
1460	154.96
1461	155.36
1462	155.36
1463	155.36
1464	155.36
1465	155.36
1466	154.96
1467	154.96
1468	154.96
1469	155.36
1470	154.96
1471	154.96
1472	154.96
1473	154.96
1474	154.96
1475	154.96
1476	154.96
1477	154.96
1478	154.96
1479	154.96
1480	154.96
1481	154.96
1482	154.96
1483	154.96
1484	154.96
1485	154.96
1486	154.96
1487	154.96
1488	154.96
1489	154.96
1490	154.96
1491	154.96
1492	154.96
1493	155.36
1494	155.77
1495	155.36
1496	154.96
1497	154.96
1498	102.5
1499	102.5
1500	102.5
1501	102.5
1502	103.31
1503	104.52
1504	104.92
1505	105.73
1506	104.11
1507	104.92
1508	106.13
1509	110.17
1510	116.22
1511	122.27
1512	128.33
1513	132.76
1514	136.8
1515	140.03
1516	142.45
1517	144.47
1518	145.68
1519	148.1
1520	147.69
1521	146.89
1522	148.1
1523	148.5
1524	149.31
1525	150.12
1526	148.91
1527	150.92
1528	150.12
1529	147.69
1530	148.5
1531	146.89
1532	148.91
1533	148.91
1534	148.91
1535	148.91
1536	148.91
1537	148.91
1538	148.91
1539	148.91
1540	148.91
1541	148.91
1542	148.91
1543	148.91
1544	148.91
1545	148.91
1546	148.5
1547	148.5
1548	148.5
1549	148.5
1550	148.5
1551	148.5
1552	148.5
1553	148.5
1554	148.5
1555	148.5
1556	148.5
1557	148.5
1558	148.5
1559	148.5
1560	148.5
1561	148.5
1562	148.5
1563	148.5
1564	148.5
1565	148.5
1566	148.5
1567	148.5
1568	148.5
1569	148.5
1570	148.5
1571	148.5
1572	148.5
1573	148.5
1574	148.5
1575	148.5
1576	148.5
1577	148.5
1578	148.5
1579	148.5
1580	148.5
1581	148.5
1582	148.5
1583	148.5
1584	148.5
1585	148.5
1586	148.5
1587	148.5
1588	148.5
1589	148.5
1590	148.5
1591	148.5
1592	148.5
1593	148.5
1594	148.5
1595	148.5
1596	148.5
1597	148.5
1598	148.5
1599	148.5
1600	148.5
1601	148.5
1602	148.5
1603	148.5
1604	148.5
1605	148.5
1606	148.5
1607	148.5
1608	148.5
1609	148.5
1610	148.5
1611	148.5
1612	148.5
1613	148.5
1614	148.5
1615	148.5
1616	148.5
1617	148.5
1618	148.5
1619	148.5
1620	148.5
1621	149.31
1622	148.91
1623	148.5
1624	147.69
1625	147.69
1626	102.5
1627	102.5
1628	102.5
1629	104.52
1630	103.31
1631	106.94
1632	103.71
1633	105.73
1634	104.11
1635	103.71
1636	103.71
1637	104.11
1638	104.11
1639	104.11
1640	104.11
1641	104.11
1642	104.11
1643	104.11
1644	105.32
1645	107.34
1646	109.76
1647	112.99
1648	115.82
1649	119.04
1650	122.27
1651	125.5
1652	128.33
1653	130.75
1654	132.36
1655	133.17
1656	133.57
1657	133.57
1658	133.57
1659	133.97
1660	134.38
1661	135.19
1662	135.59
1663	136.8
1664	137.61
1665	138.82
1666	139.62
1667	140.83
1668	142.05
1669	142.05
1670	142.45
1671	143.66
1672	143.26
1673	142.85
1674	142.45
1675	142.85
1676	142.85
1677	142.85
1678	142.85
1679	143.26
1680	143.66
1681	143.66
1682	144.06
1683	143.26
1684	143.26
1685	143.26
1686	143.26
1687	143.26
1688	143.26
1689	143.26
1690	143.26
1691	142.85
1692	143.26
1693	142.85
1694	142.85
1695	142.85
1696	142.85
1697	142.85
1698	142.85
1699	142.85
1700	142.85
1701	142.85
1702	142.85
1703	142.85
1704	142.85
1705	142.85
1706	142.85
1707	142.85
1708	142.85
1709	142.85
1710	142.85
1711	142.85
1712	142.85
1713	142.85
1714	142.85
1715	142.85
1716	142.85
1717	142.85
1718	142.85
1719	142.85
1720	142.85
1721	142.85
1722	142.85
1723	142.85
1724	142.85
1725	142.85
1726	142.85
1727	142.85
1728	142.85
1729	142.85
1730	142.85
1731	142.85
1732	142.85
1733	142.85
1734	142.85
1735	142.85
1736	142.85
1737	142.85
1738	142.85
1739	142.85
1740	142.85
1741	142.85
1742	142.85
1743	142.85
1744	142.85
1745	143.26
1746	143.26
1747	143.26
1748	143.66
1749	143.26
1750	143.26
1751	143.26
1752	143.26
1753	143.26
1754	143.26
1755	143.26
1756	143.26
1757	143.26
1758	143.26
1759	143.26
1760	143.26
1761	143.26
1762	143.26
1763	143.26
1764	143.26
1765	143.26
1766	143.26
1767	143.26
1768	143.26
1769	143.26
1770	143.26
1771	143.26
1772	143.26
1773	143.26
1774	143.26
1775	143.26
1776	143.26
1777	143.26
1778	143.26
1779	143.26
1780	143.26
1781	143.26
1782	143.26
1783	143.26
1784	143.26
1785	143.26
1786	143.26
1787	143.26
1788	143.26
1789	143.26
1790	143.26
1791	143.26
1792	143.26
1793	143.26
1794	143.26
1795	143.26
1796	143.26
1797	143.26
1798	143.26
1799	143.26
1800	143.26
1801	143.26
1802	143.26
1803	143.26
1804	143.26
1805	142.85
1806	143.26
1807	143.26
1808	143.26
1809	143.26
1810	143.26
1811	142.85
1812	143.26
1813	143.26
1814	143.26
1815	143.26
1816	143.26
1817	143.26
1818	143.26
1819	143.26
1820	143.26
1821	143.26
1822	142.85
1823	143.26
1824	143.26
1825	143.26
1826	143.26
1827	143.26
1828	143.26
1829	143.26
1830	143.26
1831	142.85
1832	142.85
1833	143.26
1834	143.26
1835	142.85
1836	142.85
1837	142.85
1838	143.26
1839	143.26
1840	143.26
1841	142.85
1842	142.85
1843	143.26
1844	142.85
1845	143.26
1846	142.85
1847	142.85
1848	142.85
1849	142.85
1850	143.26
1851	142.85
1852	143.26
1853	143.66
1854	142.85
1855	142.85
1856	102.5
1857	102.5
1858	102.5
1859	102.5
1860	102.5
1861	103.71
1862	103.71
1863	102.9
1864	106.13
1865	103.31
1866	104.11
1867	103.31
1868	103.31
1869	103.31
1870	103.31
1871	103.31
1872	103.31
1873	103.31
1874	103.31
1875	103.31
1876	103.71
1877	103.31
1878	103.71
1879	103.31
1880	103.71
1881	103.71
1882	103.71
1883	103.71
1884	103.71
1885	103.71
1886	103.71
1887	104.11
1888	105.73
1889	109.76
1890	116.22
1891	124.69
1892	132.36
1893	134.38
1894	138.01
1895	138.82
1896	141.64
1897	138.01
1898	140.83
1899	141.24
1900	137.61
1901	137.61
1902	137.61
1903	137.61
1904	137.61
1905	137.61
1906	137.61
1907	137.2
1908	137.2
1909	137.61
1910	137.61
1911	137.61
1912	137.2
1913	137.2
1914	137.2
1915	137.2
1916	137.2
1917	137.2
1918	137.2
1919	137.2
1920	137.2
1921	137.2
1922	137.2
1923	137.2
1924	137.2
1925	137.2
1926	137.2
1927	137.2
1928	137.2
1929	137.2
1930	137.2
1931	137.2
1932	137.2
1933	137.2
1934	137.2
1935	137.2
1936	137.2
1937	137.2
1938	137.2
1939	137.2
1940	137.2
1941	137.2
1942	137.2
1943	137.2
1944	137.2
1945	137.2
1946	137.2
1947	137.2
1948	137.2
1949	137.2
1950	137.2
1951	137.2
1952	137.2
1953	137.2
1954	137.2
1955	137.2
1956	137.2
1957	137.2
1958	137.2
1959	137.2
1960	137.2
1961	137.2
1962	137.2
1963	137.2
1964	137.2
1965	137.2
1966	137.2
1967	137.2
1968	137.2
1969	137.61
1970	137.2
1971	137.2
1972	103.31
1973	102.5
1974	102.5
1975	102.5
1976	103.31
1977	103.31
1978	102.9
1979	104.52
1980	104.11
1981	106.13
1982	103.31
1983	103.31
1984	103.31
1985	103.31
1986	103.31
1987	103.71
1988	103.71
1989	103.71
1990	103.71
1991	104.11
1992	104.11
1993	104.52
1994	104.11
1995	104.11
1996	104.52
1997	104.52
1998	104.52
1999	104.52
2000	104.52
2001	104.52
2002	104.92
2003	106.13
2004	109.76
2005	117.43
2006	123.48
2007	127.52
2008	129.13
2009	130.75
2010	131.15
2011	131.15
2012	132.36
2013	134.78
2014	129.94
2015	137.2
2016	129.54
2017	137.2
2018	133.17
2019	133.57
2020	133.17
2021	133.17
2022	133.57
2023	133.57
2024	133.17
2025	133.57
2026	133.17
2027	133.17
2028	133.17
2029	133.17
2030	133.17
2031	133.17
2032	133.17
2033	133.17
2034	133.17
2035	133.17
2036	133.17
2037	133.17
2038	133.17
2039	133.17
2040	133.17
2041	133.17
2042	133.17
2043	133.17
2044	133.17
2045	133.17
2046	133.17
2047	133.17
2048	133.17
2049	133.17
2050	133.17
2051	133.17
2052	133.17
2053	133.17
2054	133.17
2055	133.17
2056	133.17
2057	133.17
2058	133.17
2059	133.17
2060	133.17
2061	133.17
2062	133.17
2063	133.17
2064	133.17
2065	133.17
2066	133.17
2067	132.76
2068	133.17
2069	133.17
2070	133.17
2071	133.17
2072	133.17
2073	133.17
2074	133.17
2075	133.17
2076	133.17
2077	133.17
2078	132.76
2079	133.17
2080	133.17
2081	133.17
2082	133.17
2083	133.17
2084	133.17
2085	133.17
2086	133.17
2087	133.17
2088	133.17
2089	133.17
2090	132.76
2091	132.76
2092	133.17
2093	133.17
2094	133.17
2095	133.17
2096	133.17
2097	132.76
2098	133.17
2099	133.17
2100	133.17
2101	133.17
2102	132.76
2103	133.17
2104	132.76
2105	133.17
2106	133.17
2107	132.76
2108	133.17
2109	132.76
2110	132.76
2111	133.17
2112	132.76
2113	132.76
2114	132.76
2115	132.76
2116	132.76
2117	132.76
2118	133.17
2119	133.17
2120	133.17
2121	132.76
2122	132.76
2123	132.76
2124	133.17
2125	132.76
2126	132.76
2127	132.76
2128	133.17
2129	132.76
2130	132.76
2131	132.76
2132	133.17
2133	133.17
2134	133.17
2135	133.17
2136	133.17
2137	133.17
2138	133.17
2139	132.76
2140	133.17
2141	132.76
2142	133.17
2143	132.76
2144	132.76
2145	133.17
2146	132.76
2147	132.76
2148	132.76
2149	132.76
2150	133.17
2151	133.17
2152	132.76
2153	132.76
2154	132.76
2155	132.76
2156	132.76
2157	132.76
2158	132.76
2159	132.76
2160	133.17
2161	132.76
2162	132.76
2163	132.76
2164	132.76
2165	133.17
2166	132.76
2167	132.76
2168	132.76
2169	132.76
2170	132.76
2171	132.76
2172	132.76
2173	132.76
2174	132.76
2175	132.76
2176	133.17
2177	133.17
2178	133.17
2179	132.76
2180	102.5
2181	102.5
2182	102.5
2183	103.71
2184	104.11
2185	106.13
2186	103.71
2187	106.13
2188	103.71
2189	103.71
2190	104.11
2191	104.11
2192	104.11
2193	104.11
2194	104.11
2195	104.11
2196	104.11
2197	104.52
2198	105.32
2199	106.53
2200	107.34
2201	108.96
2202	110.97
2203	112.99
2204	115.41
2205	117.03
2206	119.04
2207	119.85
2208	120.25
2209	122.27
2210	123.08
2211	124.29
2212	125.5
2213	125.9
2214	127.92
2215	127.92
2216	129.13
2217	128.73
2218	128.73
2219	128.73
2220	129.13
2221	128.73
2222	129.13
2223	129.13
2224	129.13
2225	129.13
2226	129.54
2227	129.13
2228	129.54
2229	129.13
2230	129.13
2231	129.13
2232	129.13
2233	129.13
2234	129.13
2235	129.13
2236	129.13
2237	129.13
2238	129.13
2239	129.13
2240	129.54
2241	129.13
2242	129.54
2243	129.13
2244	129.13
2245	129.13
2246	129.13
2247	129.13
2248	129.13
2249	129.13
2250	129.13
2251	129.13
2252	129.13
2253	129.13
2254	129.13
2255	129.13
2256	129.13
2257	129.13
2258	129.54
2259	129.13
2260	129.54
2261	129.13
2262	129.54
2263	129.13
2264	129.13
2265	129.13
2266	129.13
2267	129.54
2268	129.13
2269	129.13
2270	129.13
2271	130.34
2272	130.34
2273	130.34
2274	129.54
2275	129.94
2276	129.94
2277	129.94
2278	129.94
2279	129.94
2280	129.94
2281	130.75
2282	130.34
2283	129.94
2284	129.94
2285	129.94
2286	129.94
2287	129.94
2288	129.94
2289	129.94
2290	129.94
2291	129.94
2292	130.34
2293	130.34
2294	130.34
2295	130.34
2296	130.34
2297	130.75
2298	130.75
2299	130.75
2300	131.15
2301	130.75
2302	130.75
2303	130.34
2304	130.75
2305	130.34
2306	130.34
2307	130.34
2308	130.34
2309	130.34
2310	130.34
2311	130.34
2312	130.34
2313	130.34
2314	130.34
2315	130.34
2316	130.34
2317	131.96
2318	131.15
2319	130.75
2320	130.75
2321	130.75
2322	130.75
2323	130.75
2324	130.75
2325	130.75
2326	130.75
2327	130.75
2328	130.34
2329	130.34
2330	130.34
2331	130.34
2332	130.34
2333	130.34
2334	130.34
2335	130.34
2336	130.34
2337	130.34
2338	130.34
2339	130.34
2340	130.34
2341	130.34
2342	130.34
2343	130.34
2344	130.34
2345	130.34
2346	130.34
2347	130.34
2348	130.34
2349	130.34
2350	130.75
2351	134.78
2352	130.75
2353	130.75
2354	130.75
2355	130.75
2356	130.75
2357	130.75
2358	130.75
2359	130.75
2360	130.75
2361	130.75
2362	130.75
2363	130.75
2364	130.75
2365	130.75
2366	130.75
2367	130.75
2368	130.75
2369	130.75
2370	130.75
2371	130.75
2372	130.75
2373	130.75
2374	130.75
2375	130.75
2376	131.15
2377	131.55
2378	131.15
2379	131.15
2380	131.15
2381	131.15
2382	130.75
2383	130.75
2384	130.75
2385	130.75
2386	130.75
2387	130.75
2388	130.75
2389	130.75
2390	130.75
2391	130.75
2392	130.75
2393	130.75
2394	130.75
2395	130.75
2396	130.75
2397	130.75
2398	130.75
2399	130.75
2400	130.75
2401	130.75
2402	130.75
2403	130.75
2404	130.75
2405	130.75
2406	130.75
2407	130.75
2408	130.75
2409	130.75
2410	130.75
2411	130.75
2412	130.75
2413	130.34
2414	130.75
2415	130.75
2416	130.75
2417	130.34
2418	130.75
2419	130.34
2420	130.34
2421	130.34
2422	130.34
2423	130.75
2424	130.34
2425	130.75
2426	130.34
2427	130.34
2428	130.34
2429	130.34
2430	130.34
2431	130.75
2432	130.34
2433	130.34
2434	130.34
2435	130.34
2436	130.34
2437	130.34
2438	130.34
2439	130.75
2440	130.34
2441	130.34
2442	130.34
2443	130.34
2444	130.34
2445	130.34
2446	130.34
2447	130.34
2448	130.34
2449	130.34
2450	130.34
2451	130.34
2452	130.34
2453	130.34
2454	130.34
2455	130.75
2456	130.34
2457	130.34
2458	130.34
2459	130.75
2460	130.34
2461	130.34
2462	130.34
2463	130.34
2464	130.34
2465	130.34
2466	130.34
2467	130.34
2468	130.34
2469	130.75
2470	131.15
2471	131.55
2472	131.15
2473	131.15
2474	131.55
2475	131.55
2476	131.55
2477	129.94
2478	131.96
2479	131.55
2480	131.55
2481	131.55
2482	131.55
2483	131.55
2484	131.55
2485	131.55
2486	131.55
2487	131.55
2488	131.55
2489	131.55
2490	131.55
2491	131.55
2492	131.55
2493	131.55
2494	131.55
2495	131.55
2496	131.55
2497	131.55
2498	131.55
2499	131.55
2500	131.55
2501	131.55
2502	131.55
2503	131.96
2504	129.13
2505	102.5
2506	102.5
2507	102.9
2508	103.71
2509	103.71
2510	106.53
2511	104.11
2512	108.15
2513	103.71
2514	104.11
2515	104.11
2516	104.11
2517	104.11
2518	104.11
2519	104.11
2520	104.11
2521	104.11
2522	104.11
2523	108.15
2524	113.39
2525	120.66
2526	123.08
2527	125.1
2528	125.5
2529	125.9
2530	125.9
2531	125.9
2532	125.9
2533	125.9
2534	125.9
2535	125.9
2536	125.9
2537	125.9
2538	127.92
2539	127.11
2540	127.52
2541	129.13
2542	128.73
2543	128.73
2544	127.11
2545	127.52
2546	127.11
2547	127.52
2548	127.52
2549	127.52
2550	127.52
2551	127.11
2552	127.11
2553	127.11
2554	127.11
2555	127.11
2556	127.11
2557	127.11
2558	127.11
2559	127.11
2560	127.11
2561	127.11
2562	127.11
2563	131.96
2564	128.73
2565	127.92
2566	127.52
2567	128.33
2568	127.52
2569	127.52
2570	127.52
2571	127.52
2572	127.52
2573	127.92
2574	127.92
2575	138.41
2576	127.52
2577	127.92
2578	127.92
2579	127.92
2580	127.92
2581	127.52
2582	127.52
2583	127.52
2584	127.52
2585	127.52
2586	127.92
2587	128.33
2588	128.73
2589	127.92
2590	127.52
2591	127.52
2592	127.52
2593	127.52
2594	127.52
2595	127.52
2596	127.52
2597	127.52
2598	127.52
2599	127.52
2600	127.52
2601	127.92
2602	128.33
2603	129.54
2604	133.17
2605	127.52
2606	127.11
2607	127.11
2608	128.73
2609	128.33
2610	128.33
2611	128.33
2612	128.33
2613	128.33
2614	128.33
2615	128.33
2616	128.33
2617	128.33
2618	128.33
2619	128.33
2620	128.33
2621	128.33
2622	128.33
2623	128.33
2624	128.33
2625	128.33
2626	128.33
2627	128.33
2628	128.33
2629	128.33
2630	128.33
2631	128.33
2632	128.33
2633	128.33
2634	128.33
2635	128.33
2636	128.73
2637	129.13
2638	129.54
2639	128.73
2640	128.73
2641	128.33
2642	128.33
2643	128.33
2644	128.33
2645	128.33
2646	128.33
2647	128.33
2648	128.33
2649	128.33
2650	128.33
2651	128.33
2652	128.33
2653	128.33
2654	128.33
2655	128.33
2656	128.33
2657	128.33
2658	128.33
2659	128.33
2660	128.33
2661	128.33
2662	128.33
2663	128.33
2664	128.33
2665	128.73
2666	128.33
2667	127.92
2668	102.5
2669	102.5
2670	102.5
2671	103.31
2672	102.9
2673	105.73
2674	102.9
2675	103.31
2676	105.73
2677	106.53
2678	110.97
2679	113.39
2680	117.83
2681	124.69
2682	124.29
2683	123.48
2684	123.89
2685	124.29
2686	124.29
2687	124.29
2688	124.29
2689	124.29
2690	124.29
2691	124.29
2692	124.29
2693	123.89
2694	124.29
2695	124.29
2696	123.89
2697	123.89
2698	123.89
2699	123.89
2700	123.89
2701	123.89
2702	123.89
2703	123.89
2704	123.89
2705	123.89
2706	123.89
2707	123.89
2708	123.89
2709	123.89
2710	123.89
2711	123.89
2712	123.89
2713	123.89
2714	123.89
2715	123.89
2716	123.89
2717	123.89
2718	123.89
2719	123.89
2720	123.89
2721	123.89
2722	123.89
2723	123.89
2724	123.89
2725	123.89
2726	123.89
2727	123.89
2728	123.89
2729	123.89
2730	123.89
2731	123.89
2732	123.89
2733	123.89
2734	123.89
2735	123.89
2736	123.89
2737	123.89
2738	123.89
2739	123.89
2740	123.89
2741	123.89
2742	123.89
2743	123.89
2744	123.89
2745	123.89
2746	123.89
2747	123.89
2748	123.89
2749	123.89
2750	123.89
2751	123.89
2752	123.89
2753	123.89
2754	123.89
2755	123.89
2756	123.89
2757	123.89
2758	123.89
2759	123.89
2760	123.89
2761	123.89
2762	123.89
2763	123.89
2764	123.89
2765	123.89
2766	123.89
2767	123.89
2768	123.89
2769	123.89
2770	123.89
2771	123.89
2772	123.89
2773	123.89
2774	123.89
2775	123.89
2776	123.89
2777	123.89
2778	123.89
2779	123.89
2780	123.89
2781	123.89
2782	123.89
2783	123.89
2784	123.89
2785	123.89
2786	123.89
2787	123.89
2788	123.89
2789	123.89
2790	123.89
2791	123.89
2792	123.89
2793	123.89
2794	123.89
2795	123.89
2796	123.89
2797	123.89
2798	123.89
2799	123.89
2800	123.89
2801	123.89
2802	123.89
2803	123.89
2804	123.89
2805	123.89
2806	123.89
2807	123.89
2808	123.89
2809	123.89
2810	123.48
2811	123.89
2812	123.89
2813	123.89
2814	123.89
2815	123.89
2816	123.89
2817	123.89
2818	123.89
2819	123.89
2820	123.48
2821	123.48
2822	123.89
2823	123.89
2824	123.89
2825	123.48
2826	123.89
2827	123.48
2828	123.48
2829	123.89
2830	123.89
2831	123.48
2832	123.48
2833	123.48
2834	123.89
2835	123.48
2836	123.48
2837	123.48
2838	123.48
2839	123.89
2840	123.89
2841	123.48
2842	123.48
2843	123.48
2844	123.48
2845	123.89
2846	123.48
2847	123.89
2848	123.48
2849	123.48
2850	123.48
2851	123.48
2852	123.48
2853	123.48
2854	123.48
2855	123.48
2856	123.48
2857	123.48
2858	123.48
2859	123.48
2860	123.89
2861	123.48
2862	123.48
2863	123.48
2864	123.48
2865	123.48
2866	123.48
2867	123.48
2868	123.48
2869	123.48
2870	123.48
2871	123.48
2872	123.48
2873	123.48
2874	123.48
2875	123.48
2876	123.48
2877	123.48
2878	123.48
2879	123.48
2880	123.48
2881	123.48
2882	123.48
2883	123.48
2884	123.48
2885	123.48
2886	123.48
2887	123.48
2888	123.48
2889	123.48
2890	123.48
2891	123.48
2892	123.89
2893	123.48
2894	123.48
2895	123.48
2896	123.48
2897	123.48
2898	123.48
2899	123.48
2900	123.48
2901	123.48
2902	123.48
2903	123.48
2904	123.48
2905	123.48
2906	123.48
2907	123.48
2908	123.48
2909	123.48
2910	123.48
2911	123.48
2912	123.89
2913	123.48
2914	123.48
2915	123.48
2916	123.48
2917	123.48
2918	123.48
2919	123.48
2920	123.48
2921	123.48
2922	123.48
2923	123.48
2924	123.48
2925	123.48
2926	123.48
2927	123.48
2928	123.48
2929	123.48
2930	123.48
2931	123.48
2932	123.48
2933	123.48
2934	123.48
2935	123.48
2936	123.48
2937	123.48
2938	123.48
2939	123.48
2940	123.48
2941	123.48
2942	123.48
2943	123.48
2944	123.48
2945	123.48
2946	123.48
2947	123.48
2948	123.48
2949	123.48
2950	123.48
2951	123.48
2952	123.48
2953	123.48
2954	123.48
2955	123.48
2956	123.48
2957	123.48
2958	123.48
2959	123.48
2960	123.48
2961	123.48
2962	123.48
2963	123.48
2964	123.48
2965	123.48
2966	123.48
2967	123.48
2968	123.48
2969	123.48
2970	123.48
2971	123.48
2972	123.48
2973	123.48
2974	123.48
2975	123.48
2976	123.48
2977	123.48
2978	123.48
2979	123.48
2980	123.48
2981	123.48
2982	123.48
2983	123.48
2984	123.48
2985	123.48
2986	123.48
2987	123.48
2988	123.48
2989	123.48
2990	123.48
2991	123.48
2992	123.89
2993	123.48
2994	123.48
2995	123.48
2996	123.48
2997	123.48
2998	123.48
2999	123.48
3000	123.48
3001	123.48
3002	123.48
3003	123.48
3004	123.48
3005	123.48
3006	123.48
3007	123.48
3008	123.48
3009	123.48
3010	123.48
3011	123.48
3012	123.48
3013	123.48
3014	123.48
3015	123.48
3016	123.48
3017	123.48
3018	123.48
3019	123.48
3020	123.48
3021	123.48
3022	123.48
3023	123.48
3024	123.48
3025	123.48
3026	123.48
3027	123.48
3028	123.48
3029	123.48
3030	123.48
3031	123.48
3032	123.48
3033	123.48
3034	123.48
3035	123.48
3036	123.48
3037	123.48
3038	123.48
3039	123.48
3040	123.48
3041	123.48
3042	123.48
3043	123.48
3044	123.48
3045	123.48
3046	123.48
3047	123.48
3048	123.48
3049	123.48
3050	123.48
3051	123.48
3052	123.48
3053	123.48
3054	123.48
3055	123.48
3056	123.48
3057	123.48
3058	123.48
3059	123.48
3060	123.48
3061	123.48
3062	123.89
3063	123.48
3064	123.48
3065	123.48
3066	123.48
3067	123.48
3068	123.48
3069	123.48
3070	123.48
3071	123.48
3072	123.48
3073	123.48
3074	123.48
3075	123.48
3076	123.48
3077	123.48
3078	123.48
3079	123.48
3080	123.48
3081	123.48
3082	123.48
3083	123.48
3084	123.48
3085	123.48
3086	123.48
3087	123.48
3088	123.48
3089	123.48
3090	123.48
3091	123.48
3092	123.48
3093	123.48
3094	123.48
3095	123.48
3096	123.48
3097	123.48
3098	123.48
3099	123.48
3100	123.48
3101	123.48
3102	123.48
3103	123.48
3104	123.48
3105	123.48
3106	123.48
3107	123.48
3108	123.48
3109	123.48
3110	123.48
3111	123.48
3112	123.48
3113	123.48
3114	123.48
3115	123.48
3116	123.48
3117	123.48
3118	123.48
3119	123.48
3120	123.48
3121	123.48
3122	123.48
3123	123.48
3124	123.48
3125	123.48
3126	123.48
3127	123.48
3128	123.48
3129	123.48
3130	123.48
3131	123.48
3132	123.48
3133	123.48
3134	123.48
3135	123.48
3136	123.48
3137	123.48
3138	123.48
3139	123.48
3140	123.48
3141	123.48
3142	123.48
3143	123.48
3144	123.48
3145	123.48
3146	123.48
3147	123.48
3148	123.48
3149	123.48
3150	123.48
3151	123.48
3152	123.48
3153	123.48
3154	123.48
3155	123.48
3156	123.48
3157	123.48
3158	123.89
3159	123.48
3160	123.89
3161	123.48
3162	123.48
3163	123.48
3164	123.48
3165	123.48
3166	123.48
3167	123.48
3168	123.48
3169	123.48
3170	123.48
3171	123.48
3172	123.48
3173	123.48
3174	123.48
3175	123.48
3176	123.48
3177	123.48
3178	123.48
3179	123.48
3180	123.48
3181	123.48
3182	123.48
3183	123.48
3184	123.48
3185	123.48
3186	123.48
3187	123.48
3188	123.48
3189	123.48
3190	123.48
3191	123.48
3192	123.48
3193	123.48
3194	123.48
3195	123.48
3196	123.48
3197	123.48
3198	123.48
3199	123.89
3200	123.48
3201	123.48
3202	123.48
3203	123.48
3204	123.48
3205	123.48
3206	123.48
3207	123.48
3208	123.48
3209	123.48
3210	123.48
3211	123.48
3212	123.48
3213	123.48
3214	123.48
3215	123.48
3216	123.48
3217	123.89
3218	123.48
3219	123.48
3220	123.48
3221	123.48
3222	123.89
3223	123.48
3224	123.48
3225	123.48
3226	123.48
3227	123.48
3228	123.48
3229	123.48
3230	123.48
3231	123.48
3232	123.89
3233	123.48
3234	123.89
3235	123.48
3236	123.48
3237	123.48
3238	123.48
3239	123.48
3240	123.48
3241	123.48
3242	123.48
3243	123.89
3244	123.48
3245	123.48
3246	123.48
3247	123.48
3248	123.48
3249	123.48
3250	123.48
3251	123.48
3252	123.89
3253	123.48
3254	123.48
3255	123.48
3256	123.48
3257	123.48
3258	123.48
3259	123.89
3260	123.48
3261	123.89
3262	123.48
3263	123.89
3264	123.48
3265	123.48
3266	123.48
3267	123.89
3268	123.48
3269	123.48
3270	123.48
3271	123.89
3272	123.89
3273	123.48
3274	123.48
3275	123.48
3276	123.89
3277	123.48
3278	123.48
3279	123.48
3280	123.48
3281	123.89
3282	123.48
3283	123.48
3284	123.48
3285	123.89
3286	124.29
3287	124.29
3288	124.69
3289	124.29
3290	124.69
3291	124.29
3292	124.29
3293	124.29
3294	124.29
3295	124.29
3296	124.29
3297	124.29
3298	124.29
3299	124.29
3300	124.29
3301	124.29
3302	124.29
3303	124.29
3304	124.29
3305	124.29
3306	124.29
3307	124.29
3308	124.29
3309	124.29
3310	124.29
3311	124.29
3312	124.29
3313	124.29
3314	124.29
3315	124.29
3316	124.29
3317	124.29
3318	124.29
3319	124.29
3320	124.29
3321	124.29
3322	124.29
3323	124.29
3324	124.29
3325	124.29
3326	124.29
3327	124.29
3328	124.29
3329	124.29
3330	124.29
3331	124.29
3332	124.29
3333	124.29
3334	124.29
3335	124.29
3336	124.29
3337	124.29
3338	124.29
3339	124.29
3340	124.29
3341	124.29
3342	124.29
3343	124.29
3344	124.29
3345	124.29
3346	124.29
3347	124.29
3348	124.29
3349	124.29
3350	124.29
3351	124.29
3352	124.29
3353	124.29
3354	124.29
3355	124.29
3356	124.29
3357	124.29
3358	124.29
3359	124.29
3360	124.29
3361	124.29
3362	124.29
3363	123.89
3364	124.29
3365	124.29
3366	124.29
3367	124.29
3368	123.89
3369	124.29
3370	124.29
3371	124.29
3372	124.29
3373	124.29
3374	124.29
3375	123.89
3376	124.29
3377	124.29
3378	124.29
3379	124.29
3380	124.29
3381	124.29
3382	124.29
3383	124.29
3384	124.29
3385	124.29
3386	124.29
3387	124.29
3388	124.29
3389	124.29
3390	124.29
3391	123.89
3392	124.29
3393	124.29
3394	124.29
3395	124.29
3396	124.29
3397	124.29
3398	124.29
3399	124.29
3400	124.29
3401	124.29
3402	123.89
3403	124.29
3404	124.29
3405	123.89
3406	124.29
3407	124.29
3408	124.29
3409	124.29
3410	124.29
3411	124.29
3412	124.29
3413	124.29
3414	124.29
3415	123.89
3416	124.29
3417	124.29
3418	123.89
3419	124.29
3420	124.29
3421	124.29
3422	124.29
3423	124.29
3424	124.29
3425	123.89
3426	124.29
3427	124.29
3428	124.29
3429	124.29
3430	124.29
3431	124.29
3432	124.29
3433	124.29
3434	125.1
3435	102.5
3436	102.5
3437	102.5
3438	101.69
3439	106.53
3440	104.52
3441	102.1
3442	102.5
3443	102.5
3444	102.5
3445	102.5
3446	102.5
3447	102.5
3448	103.31
3449	104.11
3450	106.94
3451	108.55
3452	114.6
3453	115.41
3454	117.43
3455	122.68
3456	124.29
3457	121.47
3458	121.06
3459	121.47
3460	121.47
3461	121.47
3462	121.47
3463	121.47
3464	121.47
3465	121.47
3466	121.47
3467	121.47
3468	121.47
3469	121.47
3470	121.47
3471	121.47
3472	121.47
3473	121.47
3474	121.47
3475	121.47
3476	121.47
3477	121.47
3478	121.47
3479	121.47
3480	121.47
3481	121.47
3482	121.47
3483	121.47
3484	121.47
3485	121.06
3486	121.06
3487	121.06
3488	121.47
3489	121.06
3490	121.06
3491	121.06
3492	121.06
3493	121.06
3494	121.47
3495	121.06
3496	121.06
3497	121.06
3498	121.06
3499	121.06
3500	121.06
3501	121.06
3502	121.06
3503	121.06
3504	121.87
3505	121.87
3506	121.87
3507	121.47
3508	121.47
3509	121.87
3510	121.87
3511	121.87
3512	121.87
3513	121.87
3514	121.87
3515	121.87
3516	121.87
3517	121.87
3518	121.87
3519	121.87
3520	121.87
3521	121.87
3522	122.27
3523	121.87
3524	102.5
3525	102.5
3526	102.5
3527	104.11
3528	104.52
3529	103.31
3530	102.9
3531	103.31
3532	103.31
3533	103.31
3534	103.31
3535	103.31
3536	103.31
3537	103.31
3538	104.11
3539	105.73
3540	108.15
3541	109.76
3542	112.99
3543	113.8
3544	115.01
3545	117.03
3546	117.83
3547	119.45
3548	119.85
3549	118.64
3550	121.06
3551	118.24
3552	119.04
3553	120.25
3554	119.45
3555	119.85
3556	119.85
3557	119.85
3558	119.85
3559	119.85
3560	119.85
3561	119.85
3562	119.85
3563	119.45
3564	119.45
3565	119.45
3566	119.45
3567	119.45
3568	119.45
3569	119.45
3570	119.45
3571	119.45
3572	119.45
3573	119.45
3574	119.45
3575	119.45
3576	119.45
3577	119.45
3578	119.45
3579	119.45
3580	120.66
3581	119.85
3582	119.45
3583	119.45
3584	119.45
3585	119.45
3586	119.45
3587	119.45
3588	119.45
3589	119.45
3590	119.45
3591	119.45
3592	119.45
3593	119.45
3594	119.45
3595	119.45
3596	119.45
3597	119.45
3598	119.45
3599	119.45
3600	119.45
3601	119.45
3602	119.45
3603	119.45
3604	119.45
3605	119.45
3606	119.45
3607	119.45
3608	119.45
3609	119.45
3610	119.45
3611	119.45
3612	119.45
3613	119.45
3614	119.45
3615	119.45
3616	119.45
3617	119.45
3618	119.45
3619	119.45
3620	119.45
3621	119.45
3622	119.45
3623	119.45
3624	119.45
3625	119.45
3626	119.45
3627	119.45
3628	119.45
3629	119.45
3630	119.45
3631	119.45
3632	119.45
3633	119.45
3634	119.45
3635	119.85
3636	119.85
3637	120.25
3638	119.85
3639	119.45
3640	102.5
3641	102.5
3642	102.5
3643	103.31
3644	102.9
3645	102.9
3646	104.92
3647	106.53
3648	103.31
3649	103.31
3650	103.31
3651	102.9
3652	103.31
3653	103.31
3654	103.31
3655	103.31
3656	103.31
3657	103.31
3658	103.31
3659	103.31
3660	103.31
3661	103.31
3662	103.31
3663	103.31
3664	103.31
3665	103.31
3666	103.31
3667	103.31
3668	103.31
3669	103.31
3670	103.31
3671	103.31
3672	103.31
3673	103.31
3674	103.31
3675	103.31
3676	103.31
3677	103.31
3678	103.31
3679	103.31
3680	103.31
3681	103.31
3682	103.31
3683	103.31
3684	103.31
3685	103.31
3686	103.31
3687	103.31
3688	103.31
3689	103.31
3690	103.31
3691	103.31
3692	103.31
3693	103.31
3694	103.31
3695	103.31
3696	103.31
3697	103.31
3698	103.31
3699	103.31
3700	103.31
3701	103.31
3702	103.31
3703	103.31
3704	103.31
3705	103.31
3706	103.31
3707	103.31
3708	103.31
3709	103.31
3710	103.31
3711	103.31
3712	103.31
3713	103.31
3714	103.31
3715	103.31
3716	103.31
3717	103.31
3718	103.31
3719	103.31
3720	103.31
3721	103.31
3722	103.31
3723	103.31
3724	103.31
3725	103.31
3726	103.31
3727	103.31
3728	103.31
3729	103.31
3730	103.31
3731	103.31
3732	103.31
3733	103.31
3734	103.31
3735	103.31
3736	103.31
3737	103.31
3738	103.31
3739	103.31
3740	103.31
3741	103.31
3742	103.31
3743	103.31
3744	103.31
3745	103.31
3746	103.31
3747	103.31
3748	103.31
3749	103.31
3750	103.31
3751	103.31
3752	103.31
3753	103.31
3754	103.31
3755	103.31
3756	103.31
3757	103.31
3758	103.31
3759	103.31
3760	103.31
3761	103.31
3762	103.31
3763	103.31
3764	103.31
3765	103.31
3766	103.31
3767	103.31
3768	103.31
3769	103.31
3770	103.31
3771	103.31
3772	103.31
3773	103.31
3774	103.31
3775	103.31
3776	103.31
3777	103.31
3778	103.31
3779	103.31
3780	103.31
3781	103.31
3782	103.31
3783	103.31
3784	103.31
3785	103.31
3786	103.31
3787	103.31
3788	103.31
3789	103.31
3790	103.31
3791	103.31
3792	103.31
3793	103.31
3794	103.31
3795	103.31
3796	103.31
3797	103.31
3798	103.31
3799	103.31
3800	103.31
3801	103.31
3802	103.31
3803	103.31
3804	103.31
3805	103.31
3806	103.31
3807	103.31
3808	103.31
3809	103.31
3810	103.31
3811	103.31
3812	103.31
3813	103.31
3814	103.31
3815	103.31
3816	103.31
3817	103.31
3818	103.31
3819	103.31
3820	103.31
3821	103.31
3822	103.31
3823	103.31
3824	103.31
3825	103.31
3826	103.31
3827	103.31
3828	103.31
3829	103.31
3830	103.31
3831	103.31
3832	103.31
3833	103.31
3834	103.31
3835	103.31
3836	103.31
3837	103.31
3838	103.31
3839	103.31
3840	103.31
3841	103.31
3842	103.31
3843	103.31
3844	103.31
3845	103.31
3846	103.31
3847	103.31
3848	103.31
3849	103.31
3850	103.31
3851	103.31
3852	103.31
3853	103.31
3854	103.31
3855	103.31
3856	103.31
3857	103.31
3858	103.31
3859	103.31
3860	103.31
3861	103.71
3862	103.31
3863	103.31
3864	103.31
3865	103.31
3866	103.31
3867	103.31
3868	103.31
3869	103.31
3870	103.71
3871	103.71
3872	103.31
3873	103.71
3874	103.31
3875	103.31
3876	103.71
3877	103.71
3878	103.71
3879	103.31
3880	103.71
3881	103.71
3882	104.52
3883	105.73
3884	106.94
3885	109.76
3886	110.57
3887	112.99
3888	114.6
3889	115.82
3890	116.62
3891	118.64
3892	117.43
3893	117.43
3894	117.83
3895	118.64
3896	117.03
3897	117.83
3898	118.24
3899	117.83
3900	118.24
3901	118.24
3902	118.24
3903	118.24
3904	118.24
3905	118.24
3906	118.24
3907	118.64
3908	119.04
3909	118.24
3910	117.83
3911	118.24
3912	118.24
3913	118.24
3914	118.64
3915	118.24
3916	117.83
3917	117.83
3918	117.83
3919	117.83
3920	117.83
3921	117.83
3922	117.83
3923	117.83
3924	117.83
3925	117.83
3926	117.83
3927	117.83
3928	117.83
3929	117.83
3930	117.83
3931	117.83
3932	117.43
3933	117.83
3934	117.83
3935	117.43
3936	117.43
3937	117.43
3938	117.43
3939	117.43
3940	117.43
3941	117.43
3942	117.43
3943	117.43
3944	117.43
3945	117.43
3946	117.43
3947	117.43
3948	117.43
3949	117.43
3950	117.43
3951	117.43
3952	117.43
3953	117.43
3954	117.43
3955	117.43
3956	117.43
3957	117.43
3958	117.43
3959	117.43
3960	117.43
3961	117.43
3962	117.43
3963	117.43
3964	117.43
3965	117.43
3966	117.43
3967	117.43
3968	117.43
3969	117.43
3970	117.43
3971	117.43
3972	117.43
3973	117.43
3974	117.43
3975	117.43
3976	117.43
3977	117.43
3978	117.43
3979	117.43
3980	117.43
3981	117.43
3982	117.43
3983	117.43
3984	117.43
3985	117.43
3986	117.43
3987	117.43
3988	117.43
3989	117.03
3990	117.43
3991	117.43
3992	117.43
3993	117.43
3994	117.03
3995	117.43
3996	117.03
3997	117.03
3998	117.43
3999	117.43
4000	117.43
4001	117.03
4002	117.43
4003	117.03
4004	117.43
4005	117.03
4006	117.03
4007	117.03
4008	117.43
4009	117.03
4010	117.03
4011	117.03
4012	117.03
4013	117.03
4014	117.43
4015	117.43
4016	117.03
4017	117.03
4018	117.03
4019	117.43
4020	117.03
4021	117.03
4022	117.43
4023	117.03
4024	117.03
4025	117.03
4026	117.03
4027	117.03
4028	117.43
4029	117.03
4030	117.03
4031	117.03
4032	117.03
4033	117.03
4034	117.43
4035	117.03
4036	117.43
4037	117.03
4038	117.03
4039	117.03
4040	117.03
4041	117.03
4042	117.03
4043	117.03
4044	117.03
4045	117.03
4046	117.43
4047	117.43
4048	117.43
4049	117.03
4050	117.03
4051	117.03
4052	117.03
4053	117.03
4054	117.43
4055	117.03
4056	117.03
4057	117.03
4058	117.03
4059	117.43
4060	117.03
4061	117.43
4062	117.43
4063	117.03
4064	117.03
4065	117.03
4066	117.03
4067	117.03
4068	117.03
4069	117.03
4070	117.03
4071	117.43
4072	117.03
4073	117.03
4074	117.03
4075	117.03
4076	117.03
4077	117.03
4078	117.03
4079	117.03
4080	117.03
4081	117.03
4082	117.03
4083	117.43
4084	117.43
4085	117.03
4086	117.03
4087	117.03
4088	117.03
4089	117.03
4090	117.03
4091	117.03
4092	117.03
4093	117.03
4094	117.03
4095	117.03
4096	117.03
4097	117.03
4098	117.03
4099	117.03
4100	117.03
4101	117.03
4102	117.03
4103	117.03
4104	117.03
4105	117.03
4106	117.03
4107	117.03
4108	117.03
4109	117.03
4110	117.03
4111	117.03
4112	117.03
4113	117.03
4114	117.03
4115	117.03
4116	117.03
4117	117.03
4118	117.43
4119	117.03
4120	117.03
4121	117.03
4122	117.03
4123	117.03
4124	117.03
4125	117.03
4126	117.03
4127	117.03
4128	117.03
4129	117.03
4130	117.03
4131	117.03
4132	117.03
4133	117.03
4134	117.03
4135	117.03
4136	117.03
4137	117.03
4138	117.03
4139	117.03
4140	117.03
4141	117.03
4142	117.03
4143	117.03
4144	117.03
4145	117.03
4146	117.03
4147	117.03
4148	117.03
4149	117.03
4150	117.03
4151	117.03
4152	117.03
4153	117.03
4154	117.03
4155	117.03
4156	117.03
4157	117.03
4158	117.03
4159	117.03
4160	117.03
4161	117.03
4162	117.03
4163	117.03
4164	117.03
4165	117.03
4166	117.03
4167	117.03
4168	117.03
4169	117.03
4170	117.03
4171	117.03
4172	117.03
4173	117.03
4174	117.03
4175	117.03
4176	117.03
4177	117.03
4178	117.03
4179	117.03
4180	117.03
4181	117.03
4182	117.03
4183	117.03
4184	117.03
4185	117.03
4186	117.03
4187	117.03
4188	117.03
4189	117.03
4190	117.03
4191	117.03
4192	117.03
4193	117.03
4194	117.03
4195	117.03
4196	117.03
4197	117.43
4198	117.43
4199	117.43
4200	117.43
4201	117.43
4202	117.43
4203	117.43
4204	117.43
4205	117.43
4206	117.43
4207	117.43
4208	117.43
4209	117.43
4210	117.43
4211	117.43
4212	117.43
4213	117.43
4214	117.43
4215	117.43
4216	117.43
4217	117.43
4218	117.43
4219	117.43
4220	117.43
4221	117.43
4222	117.43
4223	117.43
4224	117.43
4225	117.43
4226	117.43
4227	117.43
4228	117.43
4229	117.43
4230	117.43
4231	117.43
4232	117.43
4233	117.43
4234	117.43
4235	117.43
4236	117.43
4237	117.43
4238	117.43
4239	117.43
4240	117.43
4241	117.43
4242	117.43
4243	117.43
4244	117.43
4245	117.43
4246	117.43
4247	117.43
4248	117.43
4249	117.43
4250	117.43
4251	117.43
4252	117.43
4253	117.43
4254	117.43
4255	117.43
4256	117.43
4257	117.43
4258	117.43
4259	117.43
4260	117.43
4261	117.43
4262	117.43
4263	117.43
4264	117.43
4265	117.43
4266	117.43
4267	117.43
4268	117.43
4269	117.43
4270	117.43
4271	117.43
4272	117.43
4273	117.43
4274	117.43
4275	117.43
4276	117.43
4277	117.43
4278	117.43
4279	117.43
4280	117.43
4281	117.43
4282	117.43
4283	117.43
4284	117.43
4285	117.43
4286	117.43
4287	117.43
4288	117.43
4289	117.43
4290	117.43
4291	117.43
4292	117.43
4293	117.43
4294	117.43
4295	117.43
4296	117.43
4297	117.43
4298	117.43
4299	117.43
4300	117.43
4301	117.43
4302	117.43
4303	117.43
4304	117.43
4305	117.43
4306	117.43
4307	117.43
4308	117.43
4309	117.43
4310	117.43
4311	117.43
4312	117.43
4313	117.43
4314	117.43
4315	117.43
4316	117.43
4317	117.43
4318	117.43
4319	117.43
4320	117.43
4321	117.43
4322	117.43
4323	117.43
4324	117.43
4325	117.43
4326	117.43
4327	117.43
4328	117.43
4329	117.43
4330	117.43
4331	117.43
4332	117.43
4333	117.43
4334	117.43
4335	117.43
4336	117.43
4337	117.43
4338	117.43
4339	117.43
4340	117.43
4341	117.43
4342	117.43
4343	117.43
4344	117.43
4345	117.43
4346	117.43
4347	117.43
4348	117.43
4349	117.43
4350	117.43
4351	117.43
4352	117.43
4353	117.43
4354	117.43
4355	117.43
4356	117.43
4357	117.43
4358	117.43
4359	117.43
4360	117.43
4361	117.43
4362	117.43
4363	117.43
4364	117.43
4365	117.43
4366	117.43
4367	117.43
4368	117.43
4369	117.43
4370	117.43
4371	117.43
4372	117.43
4373	117.43
4374	117.43
4375	117.43
4376	117.43
4377	117.43
4378	117.43
4379	117.43
4380	117.43
4381	117.43
4382	117.43
4383	117.43
4384	117.43
4385	117.43
4386	117.43
4387	117.43
4388	117.43
4389	117.43
4390	117.43
4391	117.43
4392	117.43
4393	117.43
4394	117.43
4395	117.43
4396	117.43
4397	117.43
4398	117.43
4399	117.43
4400	117.43
4401	117.43
4402	117.43
4403	117.43
4404	117.43
4405	117.43
4406	117.43
4407	117.43
4408	117.43
4409	117.43
4410	117.43
4411	117.43
4412	117.43
4413	117.43
4414	117.43
4415	117.43
4416	117.43
4417	117.43
4418	117.43
4419	117.43
4420	117.43
4421	117.43
4422	117.43
4423	117.43
4424	117.43
4425	117.43
4426	117.43
4427	117.43
4428	117.43
4429	117.43
4430	117.43
4431	117.43
4432	117.43
4433	117.43
4434	117.43
4435	117.43
4436	117.43
4437	117.43
4438	117.43
4439	117.43
4440	117.43
4441	117.43
4442	117.43
4443	117.43
4444	117.43
4445	117.43
4446	117.43
4447	117.43
4448	117.43
4449	117.43
4450	117.43
4451	117.43
4452	117.43
4453	117.43
4454	117.43
4455	117.43
4456	117.43
4457	117.43
4458	117.43
4459	117.43
4460	117.43
4461	117.43
4462	117.43
4463	117.43
4464	117.43
4465	117.43
4466	117.43
4467	117.43
4468	117.43
4469	117.43
4470	117.43
4471	117.43
4472	117.43
4473	117.43
4474	117.43
4475	117.43
4476	117.43
4477	117.43
4478	117.43
4479	117.03
4480	117.43
4481	117.43
4482	117.43
4483	117.43
4484	117.43
4485	117.43
4486	117.43
4487	117.43
4488	117.03
4489	117.43
4490	117.43
4491	117.43
4492	117.43
4493	117.43
4494	117.43
4495	117.43
4496	117.43
4497	117.43
4498	117.43
4499	117.43
4500	117.43
4501	117.43
4502	117.43
4503	117.43
4504	117.43
4505	117.43
4506	117.43
4507	117.43
4508	117.03
4509	117.43
4510	117.43
4511	117.43
4512	117.43
4513	117.43
4514	117.43
4515	117.43
4516	117.43
4517	117.43
4518	117.43
4519	117.43
4520	117.43
4521	117.43
4522	117.43
4523	117.43
4524	117.43
4525	117.43
4526	117.43
4527	117.43
4528	117.43
4529	117.43
4530	117.43
4531	117.43
4532	117.43
4533	117.43
4534	117.43
4535	117.43
4536	117.43
4537	117.43
4538	117.43
4539	117.43
4540	117.43
4541	117.43
4542	117.43
4543	117.43
4544	117.43
4545	117.43
4546	117.43
4547	117.43
4548	117.43
4549	117.43
4550	117.43
4551	117.43
4552	117.43
4553	117.43
4554	117.43
4555	117.43
4556	117.43
4557	117.43
4558	117.43
4559	117.43
4560	117.43
4561	117.43
4562	117.43
4563	117.43
4564	117.43
4565	117.43
4566	117.43
4567	117.43
4568	117.43
4569	117.43
4570	117.43
4571	117.43
4572	117.43
4573	117.43
4574	117.43
4575	117.43
4576	117.43
4577	117.43
4578	117.43
4579	117.43
4580	117.43
4581	117.43
4582	117.43
4583	117.43
4584	117.43
4585	117.43
4586	117.43
4587	117.03
4588	117.43
4589	117.43
4590	117.43
4591	117.43
4592	117.43
4593	117.43
4594	117.03
4595	117.43
4596	117.43
4597	117.43
4598	117.43
4599	117.43
4600	117.43
4601	117.43
4602	117.43
4603	117.43
4604	117.43
4605	117.43
4606	117.43
4607	117.43
4608	117.43
4609	117.43
4610	117.03
4611	117.43
4612	117.43
4613	117.43
4614	117.43
4615	117.43
4616	117.43
4617	117.43
4618	117.43
4619	117.43
4620	117.43
4621	117.43
4622	117.43
4623	117.43
4624	117.43
4625	117.03
4626	117.43
4627	117.43
4628	117.43
4629	117.43
4630	117.43
4631	117.43
4632	117.43
4633	117.43
4634	117.43
4635	117.43
4636	117.43
4637	117.43
4638	117.43
4639	117.43
4640	117.43
4641	117.43
4642	117.43
4643	117.43
4644	117.43
4645	117.43
4646	117.43
4647	117.43
4648	117.43
4649	117.43
4650	117.43
4651	117.43
4652	117.43
4653	117.43
4654	117.43
4655	117.43
4656	117.43
4657	117.43
4658	117.43
4659	117.43
4660	117.43
4661	117.43
4662	117.43
4663	117.43
4664	117.43
4665	117.43
4666	117.43
4667	117.43
4668	117.43
4669	117.43
4670	117.43
4671	117.43
4672	117.43
4673	117.43
4674	117.43
4675	117.43
4676	117.43
4677	117.43
4678	117.43
4679	117.43
4680	117.43
4681	117.43
4682	117.43
4683	117.43
4684	117.43
4685	117.43
4686	117.43
4687	117.43
4688	117.43
4689	117.43
4690	117.43
4691	117.43
4692	117.43
4693	117.43
4694	117.43
4695	117.43
4696	117.43
4697	117.43
4698	117.43
4699	117.43
4700	117.43
4701	117.43
4702	117.43
4703	117.43
4704	117.43
4705	117.43
4706	117.43
4707	117.43
4708	117.43
4709	117.43
4710	117.43
4711	117.43
4712	117.43
4713	117.43
4714	117.43
4715	117.43
4716	117.43
4717	117.43
4718	117.43
4719	117.43
4720	117.43
4721	117.43
4722	117.43
4723	117.43
4724	117.43
4725	117.43
4726	117.43
4727	117.43
4728	117.43
4729	117.43
4730	117.43
4731	117.43
4732	117.43
4733	117.43
4734	117.43
4735	117.43
4736	117.43
4737	117.43
4738	117.43
4739	117.43
4740	117.43
4741	117.43
4742	117.43
4743	117.43
4744	117.43
4745	117.43
4746	117.43
4747	117.43
4748	117.43
4749	117.43
4750	117.43
4751	117.43
4752	117.43
4753	117.43
4754	117.43
4755	117.43
4756	117.43
4757	117.43
4758	117.43
4759	117.43
4760	117.43
4761	117.43
4762	117.43
4763	117.43
4764	117.43
4765	117.43
4766	117.43
4767	117.43
4768	117.43
4769	117.43
4770	117.43
4771	117.43
4772	117.43
4773	117.43
4774	117.43
4775	117.43
4776	117.43
4777	117.43
4778	117.43
4779	117.43
4780	117.43
4781	117.43
4782	117.43
4783	117.43
4784	117.43
4785	117.43
4786	117.43
4787	117.43
4788	117.43
4789	117.43
4790	117.43
4791	117.43
4792	117.43
4793	117.43
4794	117.43
4795	117.43
4796	117.43
4797	117.43
4798	117.43
4799	117.43
4800	117.43
4801	117.43
4802	117.43
4803	117.43
4804	117.43
4805	117.43
4806	117.43
4807	117.43
4808	117.43
4809	117.43
4810	117.43
4811	117.43
4812	117.43
4813	117.43
4814	117.43
4815	117.43
4816	117.43
4817	117.43
4818	117.43
4819	117.43
4820	117.43
4821	117.43
4822	117.43
4823	117.43
4824	117.43
4825	117.43
4826	117.43
4827	117.43
4828	117.43
4829	117.43
4830	117.43
4831	117.43
4832	117.43
4833	117.43
4834	117.43
4835	117.43
4836	117.43
4837	117.43
4838	117.43
4839	117.43
4840	117.43
4841	117.43
4842	117.43
4843	117.43
4844	117.43
4845	117.43
4846	117.43
4847	117.43
4848	117.43
4849	117.43
4850	117.43
4851	117.43
4852	117.43
4853	117.43
4854	117.43
4855	117.43
4856	117.43
4857	117.43
4858	117.43
4859	117.43
4860	117.43
4861	117.43
4862	117.43
4863	117.43
4864	117.43
4865	117.43
4866	117.43
4867	117.43
4868	117.43
4869	117.43
4870	117.43
4871	117.43
4872	117.43
4873	117.43
4874	117.43
4875	117.43
4876	117.43
4877	117.43
4878	117.43
4879	117.43
4880	117.43
4881	117.43
4882	117.43
4883	117.43
4884	117.43
4885	117.43
4886	117.43
4887	117.43
4888	117.43
4889	117.43
4890	117.43
4891	117.43
4892	117.43
4893	117.43
4894	117.43
4895	117.43
4896	117.43
4897	117.43
4898	117.43
4899	117.43
4900	117.43
4901	117.43
4902	117.43
4903	117.43
4904	117.43
4905	117.43
4906	117.43
4907	117.43
4908	117.43
4909	117.43
4910	117.43
4911	117.43
4912	117.43
4913	117.43
4914	117.43
4915	117.43
4916	117.43
4917	117.43
4918	117.43
4919	117.43
4920	117.43
4921	117.43
4922	117.43
4923	117.43
4924	117.43
4925	117.43
4926	117.43
4927	117.43
4928	117.43
4929	117.43
4930	117.43
4931	117.43
4932	117.43
4933	117.43
4934	117.43
4935	117.43
4936	117.43
4937	117.43
4938	117.43
4939	117.43
4940	117.43
4941	117.43
4942	117.43
4943	117.43
4944	117.43
4945	117.43
4946	117.43
4947	117.43
4948	117.43
4949	117.43
4950	117.43
4951	117.43
4952	117.43
4953	117.43
4954	117.43
4955	117.43
4956	117.43
4957	117.43
4958	117.43
4959	117.43
4960	117.43
4961	117.43
4962	117.43
4963	117.43
4964	117.43
4965	117.43
4966	117.43
4967	117.43
4968	117.43
4969	117.43
4970	117.43
4971	117.43
4972	117.43
4973	117.43
4974	117.43
4975	117.43
4976	117.43
4977	117.43
4978	117.43
4979	117.43
4980	117.43
4981	117.43
4982	117.43
4983	117.43
4984	117.43
4985	117.43
4986	117.43
4987	117.43
4988	117.43
4989	117.43
4990	117.43
4991	117.43
4992	117.43
4993	117.43
4994	117.43
4995	117.43
4996	117.43
4997	117.43
4998	117.43
4999	117.43
5000	117.43
5001	117.43
5002	117.43
5003	117.43
5004	117.43
5005	117.43
5006	117.43
5007	117.43
5008	117.43
5009	117.43
5010	117.43
5011	117.43
5012	117.43
5013	117.43
5014	117.43
5015	117.43
5016	117.43
5017	117.43
5018	117.43
5019	117.43
5020	117.43
5021	117.43
5022	117.43
5023	117.43
5024	117.43
5025	117.43
5026	117.43
5027	117.43
5028	117.43
5029	117.43
5030	117.43
5031	117.43
5032	117.43
5033	117.43
5034	117.43
5035	117.43
5036	117.43
5037	117.43
5038	117.43
5039	117.43
5040	117.43
5041	117.43
5042	117.43
5043	117.43
5044	117.43
5045	117.43
5046	117.43
5047	117.43
5048	117.43
5049	117.43
5050	117.43
5051	117.43
5052	117.43
5053	117.43
5054	117.43
5055	117.43
5056	117.43
5057	117.43
5058	117.43
5059	117.43
5060	117.43
5061	117.43
5062	117.43
5063	117.43
5064	117.43
5065	117.43
5066	117.43
5067	117.43
5068	117.43
5069	117.43
5070	117.43
5071	117.43
5072	117.43
5073	117.43
5074	117.43
5075	117.43
5076	117.43
5077	117.43
5078	117.43
5079	117.43
5080	117.43
5081	117.43
5082	117.43
5083	117.43
5084	117.43
5085	117.43
5086	117.43
5087	117.43
5088	117.43
5089	117.43
5090	117.43
5091	117.43
5092	117.43
5093	117.43
5094	117.43
5095	117.43
5096	117.43
5097	117.43
5098	117.43
5099	117.43
5100	117.43
5101	117.43
5102	117.43
5103	117.43
5104	117.43
5105	117.43
5106	117.43
5107	117.43
5108	117.43
5109	117.43
5110	117.43
5111	117.43
5112	117.43
5113	117.43
5114	117.43
5115	117.43
5116	117.43
5117	117.43
5118	117.43
5119	117.43
5120	117.43
5121	117.43
5122	117.43
5123	117.43
5124	117.43
5125	117.43
5126	117.43
5127	117.43
5128	117.43
5129	117.43
5130	117.43
5131	117.43
5132	117.43
5133	117.43
5134	117.43
5135	117.43
5136	117.43
5137	117.43
5138	117.43
5139	117.43
5140	117.43
5141	117.43
5142	117.43
5143	117.43
5144	117.43
5145	117.43
5146	117.43
5147	117.43
5148	117.43
5149	117.43
5150	117.43
5151	117.43
5152	117.43
5153	117.43
5154	117.43
5155	117.43
5156	117.43
5157	117.43
5158	117.43
5159	117.43
5160	117.43
5161	117.43
5162	117.43
5163	117.43
5164	117.43
5165	117.43
5166	117.43
5167	117.43
5168	117.43
5169	117.43
5170	117.43
5171	117.43
5172	117.43
5173	117.43
5174	117.43
5175	117.43
5176	117.43
5177	117.43
5178	117.43
5179	117.43
5180	117.43
5181	117.43
5182	117.43
5183	117.43
5184	117.43
5185	117.43
5186	117.43
5187	117.43
5188	117.43
5189	117.43
5190	117.43
5191	117.43
5192	117.43
5193	117.43
5194	117.43
5195	117.43
5196	117.43
5197	117.43
5198	117.43
5199	117.43
5200	117.43
5201	117.43
5202	117.43
5203	117.43
5204	117.43
5205	117.43
5206	117.43
5207	117.43
5208	117.43
5209	117.43
5210	117.43
5211	117.43
5212	117.43
5213	117.43
5214	117.43
5215	117.43
5216	117.43
5217	117.43
5218	117.43
5219	117.43
5220	117.43
5221	117.43
5222	117.43
5223	117.43
5224	117.43
5225	117.43
5226	117.43
5227	117.43
5228	117.43
5229	117.43
5230	117.43
5231	117.43
5232	117.43
5233	117.43
5234	117.43
5235	117.43
5236	117.43
5237	117.43
5238	117.43
5239	117.43
5240	117.43
5241	117.43
5242	117.43
5243	117.43
5244	117.43
5245	117.43
5246	117.43
5247	117.43
5248	117.43
5249	117.43
5250	117.43
5251	117.43
5252	117.43
5253	117.43
5254	117.43
5255	117.43
5256	117.43
5257	117.43
5258	117.43
5259	117.43
5260	117.43
5261	117.43
5262	117.43
5263	117.43
5264	117.43
5265	117.43
5266	117.43
5267	117.43
5268	117.43
5269	117.43
5270	117.43
5271	117.43
5272	117.43
5273	117.43
5274	117.43
5275	117.43
5276	117.43
5277	117.43
5278	117.43
5279	117.43
5280	117.43
5281	117.43
5282	117.43
5283	117.43
5284	117.43
5285	117.43
5286	117.43
5287	117.43
5288	117.43
5289	117.43
5290	117.43
5291	117.43
5292	117.43
5293	117.43
5294	117.43
5295	117.43
5296	117.43
5297	117.43
5298	117.43
5299	117.43
5300	117.43
5301	117.43
5302	117.43
5303	117.43
5304	117.43
5305	117.43
5306	117.43
5307	117.43
5308	117.43
5309	117.43
5310	117.43
5311	117.43
5312	117.43
5313	117.43
5314	117.43
5315	117.43
5316	117.43
5317	117.43
5318	117.43
5319	117.43
5320	117.43
5321	117.43
5322	117.43
5323	117.43
5324	117.43
5325	117.43
5326	117.43
5327	117.43
5328	117.43
5329	117.43
5330	117.43
5331	117.43
5332	117.43
5333	117.43
5334	117.43
5335	117.43
5336	117.43
5337	117.43
5338	117.43
5339	117.43
5340	117.43
5341	117.43
5342	117.43
5343	117.43
5344	117.43
5345	117.43
5346	117.43
5347	117.43
5348	117.43
5349	117.43
5350	117.43
5351	117.43
5352	117.43
5353	117.43
5354	117.43
5355	117.43
5356	117.43
5357	117.43
5358	117.43
5359	117.43
5360	117.43
5361	117.43
5362	117.43
5363	117.43
5364	117.43
5365	117.43
5366	117.43
5367	117.43
5368	117.43
5369	117.43
5370	117.43
5371	117.43
5372	117.43
5373	117.43
5374	117.43
5375	117.43
5376	117.43
5377	117.43
5378	117.43
5379	117.43
5380	117.43
5381	117.43
5382	117.43
5383	117.43
5384	117.43
5385	117.43
5386	117.43
5387	117.43
5388	117.43
5389	117.43
5390	117.43
5391	117.43
5392	117.43
5393	117.43
5394	117.43
5395	117.43
5396	117.43
5397	117.43
5398	117.43
5399	117.43
5400	117.43
5401	117.43
5402	117.43
5403	117.43
5404	117.43
5405	117.43
5406	117.43
5407	117.43
5408	117.43
5409	117.43
5410	117.43
5411	117.43
5412	117.43
5413	117.43
5414	117.43
5415	117.43
5416	117.43
5417	117.43
5418	117.43
5419	117.43
5420	117.43
5421	117.43
5422	117.43
5423	117.43
5424	117.43
5425	117.43
5426	117.43
5427	117.43
5428	117.43
5429	117.43
5430	117.43
5431	117.43
5432	117.43
5433	117.43
5434	117.43
5435	117.43
5436	117.43
5437	117.43
5438	117.43
5439	117.43
5440	117.43
5441	117.43
5442	117.43
5443	117.43
5444	117.83
5445	118.24
5446	117.83
5447	117.83
5448	117.43
5449	117.83
5450	121.47
5451	117.43
5452	117.43
5453	117.43
5454	117.43
5455	117.43
5456	117.43
5457	117.43
5458	117.43
5459	117.43
5460	117.43
5461	117.43
5462	117.43
5463	117.43
5464	117.43
5465	117.43
5466	117.43
5467	117.03
5468	117.03
5469	117.03
5470	117.03
5471	117.03
5472	117.03
5473	117.03
5474	117.03
5475	117.03
5476	117.03
5477	117.03
